num_curves 6
60
-1 -0.506917 -0.822209
-0.981733 -0.505374 -0.822309
-0.942429 -0.483689 -0.83993
-0.903909 -0.463703 -0.854289
-0.865563 -0.44313 -0.86676
-0.826698 -0.419764 -0.878226
-0.787504 -0.394523 -0.88795
-0.7482 -0.368338 -0.895324
-0.709054 -0.342141 -0.899544
-0.670179 -0.316799 -0.899932
-0.631819 -0.293282 -0.895914
-0.5942 -0.274065 -0.886497
-0.557478 -0.258472 -0.871187
-0.521952 -0.247486 -0.849326
-0.486439 -0.239928 -0.819302
-0.450075 -0.234177 -0.781127
-0.413564 -0.230481 -0.7362
-0.377472 -0.229149 -0.685769
-0.342467 -0.230413 -0.631396
-0.309175 -0.234521 -0.574293
-0.278205 -0.241819 -0.515781
-0.250229 -0.25249 -0.457344
-0.225846 -0.266846 -0.40032
-0.205677 -0.28514 -0.346013
-0.189172 -0.309648 -0.293409
-0.175318 -0.341373 -0.240316
-0.164155 -0.378617 -0.186745
-0.155727 -0.419733 -0.132786
-0.150107 -0.463069 -0.0784843
-0.147316 -0.50691 -0.0237082
-0.147388 -0.549693 0.0314424
-0.150397 -0.589633 0.0870069
-0.156383 -0.625148 0.142979
-0.165381 -0.654513 0.199335
-0.178062 -0.679649 0.258167
-0.194789 -0.703242 0.320879
-0.215066 -0.725041 0.385949
-0.238422 -0.744678 0.451898
-0.26436 -0.761907 0.517204
-0.292387 -0.776339 0.58053
-0.322061 -0.787759 0.640359
-0.352855 -0.795768 0.695205
-0.384326 -0.800084 0.743722
-0.415911 -0.800405 0.784375
-0.448715 -0.795541 0.817708
-0.483706 -0.785151 0.845603
-0.520505 -0.770206 0.868334
-0.558737 -0.751696 0.886537
-0.597994 -0.730512 0.900602
-0.637911 -0.707683 0.910929
-0.678109 -0.682818 0.917707
-0.718132 -0.658214 0.921679
-0.757677 -0.634798 0.923253
-0.796261 -0.613586 0.922864
-0.834534 -0.592065 0.919857
-0.873168 -0.567948 0.913414
-0.911979 -0.542322 0.903723
-0.950884 -0.516215 0.891051
-0.989646 -0.490817 0.875467
-1 -0.489528 0.875219
60
-1 0.501192 0.881796
-0.960506 0.501441 0.882427
-0.908974 0.502079 0.883427
-0.867883 0.505449 0.885847
-0.829735 0.534294 0.902685
-0.79168 0.564337 0.916582
-0.753763 0.594568 0.927037
-0.715996 0.624004 0.933419
-0.678547 0.651576 0.935073
-0.641336 0.67632 0.93139
-0.604581 0.69714 0.921813
-0.567163 0.715963 0.905692
-0.528465 0.734824 0.883175
-0.489215 0.748829 0.851095
-0.449954 0.761578 0.814219
-0.41135 0.772363 0.773411
-0.374042 0.78051 0.729382
-0.338663 0.785351 0.682956
-0.305828 0.786251 0.634956
-0.27617 0.782515 0.586015
-0.250361 0.773472 0.537181
-0.227524 0.757751 0.486692
-0.206537 0.735267 0.433014
-0.187627 0.707397 0.376836
-0.170988 0.67531 0.318446
-0.156828 0.640347 0.258598
-0.145368 0.60376 0.197887
-0.136808 0.566843 0.136693
-0.131337 0.530906 0.0757411
-0.129144 0.497197 0.0154791
-0.13054 0.467005 -0.043424
-0.13576 0.437823 -0.102935
-0.144808 0.406899 -0.164614
-0.157334 0.375203 -0.227517
-0.173057 0.343731 -0.290758
-0.191536 0.31344 -0.353379
-0.212475 0.285286 -0.414427
-0.235595 0.260208 -0.473096
-0.26046 0.239177 -0.528335
-0.28678 0.223221 -0.57927
-0.314181 0.213197 -0.624907
-0.343804 0.209602 -0.666561
-0.376711 0.21163 -0.705888
-0.412268 0.218471 -0.742449
-0.449954 0.229358 -0.776057
-0.489077 0.243408 -0.806383
-0.529175 0.25984 -0.833119
-0.569637 0.277906 -0.856071
-0.609865 0.296681 -0.87481
-0.64927 0.315462 -0.889109
-0.687287 0.333884 -0.899463
-0.724465 0.35368 -0.904661
-0.761662 0.376833 -0.904795
-0.798876 0.402301 -0.900267
-0.836061 0.429215 -0.891654
-0.873188 0.456462 -0.87923
-0.910208 0.483058 -0.863451
-0.947171 0.5081 -0.844759
-0.983993 0.530549 -0.823582
-1 0.531086 -0.824305
26
1 -0.489528 0.875219
0.976603 -0.488244 0.874964
0.938571 -0.465293 0.851758
0.901039 -0.445182 0.826187
0.864133 -0.428917 0.79862
0.828054 -0.417634 0.769299
0.792922 -0.412351 0.738498
0.757825 -0.412413 0.703778
0.722087 -0.416388 0.663497
0.686269 -0.424065 0.619058
0.650857 -0.435325 0.572018
0.616392 -0.451308 0.524165
0.583404 -0.470518 0.476618
0.552378 -0.492877 0.430945
0.52389 -0.518162 0.3887
0.498434 -0.546294 0.351162
0.477199 -0.577022 0.319139
0.459291 -0.612012 0.29164
0.444037 -0.652375 0.266142
0.431346 -0.696991 0.243109
0.421045 -0.745011 0.222718
0.412998 -0.795298 0.205516
0.407027 -0.847 0.191683
0.403002 -0.899112 0.181674
0.400802 -0.950578 0.175829
0.401425 -1 0.174895
51
1 0.531086 -0.824305
0.979462 0.531619 -0.825028
0.942282 0.545377 -0.804045
0.904361 0.556147 -0.779814
0.865094 0.565864 -0.75072
0.825157 0.573975 -0.717769
0.785023 0.58001 -0.681945
0.745381 0.583422 -0.644182
0.706817 0.58368 -0.605398
0.669814 0.580277 -0.566608
0.635084 0.572741 -0.528691
0.603148 0.559927 -0.491999
0.574633 0.541888 -0.458081
0.549063 0.517633 -0.424865
0.525485 0.487057 -0.390044
0.503969 0.451233 -0.354684
0.48448 0.411031 -0.319479
0.467016 0.367515 -0.285646
0.451595 0.321578 -0.253882
0.438143 0.274217 -0.225188
0.426734 0.226443 -0.200455
0.417321 0.179131 -0.180625
0.40989 0.133353 -0.166626
0.404265 0.0868777 -0.157951
0.400357 0.0374418 -0.153248
0.398304 -0.0139837 -0.152366
0.398237 -0.0665149 -0.155217
0.400223 -0.119172 -0.161706
0.404432 -0.171055 -0.171553
0.410992 -0.221295 -0.184758
0.42001 -0.26886 -0.201104
0.431603 -0.312867 -0.220499
0.445909 -0.352367 -0.242686
0.463436 -0.38895 -0.270195
0.484369 -0.424394 -0.304333
0.508225 -0.458142 -0.343658
0.53468 -0.489783 -0.38671
0.563258 -0.518741 -0.431954
0.59356 -0.544547 -0.47791
0.625226 -0.566706 -0.523147
0.657765 -0.584734 -0.566198
0.690797 -0.596522 -0.605617
0.723892 -0.603196 -0.639855
0.757895 -0.603584 -0.670539
0.793723 -0.597721 -0.700115
0.831014 -0.586512 -0.728344
0.869477 -0.570987 -0.75492
0.908731 -0.552164 -0.779573
0.9485 -0.530957 -0.802023
0.988464 -0.508464 -0.822115
1 -0.506917 -0.822209
26
0.401425 1 0.174895
0.402044 0.96306 0.173961
0.40537 0.912216 0.173504
0.410751 0.863496 0.177263
0.418085 0.817841 0.185382
0.427518 0.773018 0.19922
0.439155 0.726897 0.219698
0.452945 0.680429 0.245504
0.468824 0.634535 0.275721
0.486727 0.590307 0.309164
0.506608 0.548643 0.344788
0.527805 0.510532 0.382487
0.550868 0.476992 0.420226
0.575772 0.448946 0.456846
0.602431 0.427437 0.491381
0.631719 0.412589 0.525846
0.664258 0.407851 0.566817
0.69938 0.408211 0.609223
0.736641 0.413044 0.652365
0.775375 0.42166 0.695299
0.815071 0.433292 0.737178
0.855185 0.447368 0.777222
0.895082 0.463104 0.814527
0.934292 0.47987 0.848335
0.972192 0.49693 0.877737
1 0.501192 0.881796
214
-0.587613 1 0.181142
-0.586582 0.97383 0.181197
-0.582942 0.922924 0.181991
-0.577189 0.874141 0.186812
-0.569389 0.828502 0.19582
-0.559437 0.783729 0.210634
-0.547167 0.737617 0.231971
-0.532711 0.691179 0.258579
-0.516081 0.645364 0.289533
-0.497396 0.60123 0.323567
-0.47668 0.559637 0.359697
-0.455031 0.521596 0.396672
-0.431506 0.488099 0.433502
-0.40613 0.460124 0.469108
-0.378999 0.438634 0.50226
-0.349192 0.423857 0.535179
-0.3161 0.414912 0.570218
-0.280369 0.41107 0.606503
-0.242488 0.4117 0.643231
-0.203105 0.416087 0.679621
-0.162772 0.423524 0.714889
-0.122038 0.433319 0.748256
-0.0815069 0.444744 0.77895
-0.0417356 0.457167 0.806101
-0.00335374 0.469883 0.828993
0.0342288 0.484954 0.849159
0.0719031 0.504321 0.868407
0.109636 0.526899 0.885968
0.147383 0.551777 0.901325
0.18507 0.577813 0.913876
0.22271 0.604089 0.922904
0.26019 0.629522 0.927793
0.297515 0.65317 0.927934
0.334616 0.673935 0.922703
0.37143 0.690882 0.911452
0.40898 0.705807 0.893623
0.447915 0.720839 0.869479
0.48749 0.735255 0.839843
0.527166 0.748453 0.805345
0.566205 0.759686 0.766875
0.604052 0.768283 0.725096
0.640017 0.773656 0.680732
0.673461 0.774999 0.634503
0.703743 0.771772 0.587208
0.730231 0.763164 0.539565
0.753793 0.747964 0.490089
0.775596 0.726024 0.437179
0.795357 0.698687 0.381434
0.812901 0.667144 0.323379
0.827977 0.632738 0.263669
0.84039 0.59671 0.202852
0.849928 0.560342 0.141512
0.856347 0.524878 0.0801956
0.859465 0.491604 0.0194386
0.858982 0.461792 -0.0400338
0.854676 0.432943 -0.100193
0.846576 0.402348 -0.162763
0.834996 0.370969 -0.226645
0.820288 0.339729 -0.291072
0.802724 0.309643 -0.35497
0.782729 0.281667 -0.417433
0.760507 0.256766 -0.477614
0.73648 0.235849 -0.534343
0.710916 0.21993 -0.586891
0.68421 0.210003 -0.634122
0.655163 0.206351 -0.677511
0.622798 0.208299 -0.718512
0.587764 0.214995 -0.756976
0.55054 0.225699 -0.792566
0.511785 0.23955 -0.824874
0.472029 0.255747 -0.85364
0.431851 0.273549 -0.878601
0.391868 0.292109 -0.899383
0.352581 0.310623 -0.915751
0.314658 0.328305 -0.927338
0.277541 0.347299 -0.933701
0.240242 0.369683 -0.935073
0.202935 0.394418 -0.931798
0.16554 0.420524 -0.924317
0.128191 0.446996 -0.913086
0.0908521 0.47284 -0.898526
0.0535874 0.497079 -0.881072
0.0164107 0.518706 -0.861127
-0.0206127 0.53673 -0.839227
-0.0575024 0.55012 -0.815719
-0.0950622 0.560573 -0.788728
-0.133922 0.569976 -0.756788
-0.173452 0.577774 -0.720977
-0.213091 0.583484 -0.682192
-0.25221 0.586559 -0.641508
-0.290323 0.586492 -0.599858
-0.326778 0.582728 -0.558283
-0.361056 0.57479 -0.517765
-0.392544 0.562097 -0.479284
-0.420636 0.54419 -0.443877
-0.445825 0.519975 -0.409285
-0.468988 0.48945 -0.373234
-0.490092 0.453634 -0.336724
-0.509166 0.413408 -0.300553
-0.526261 0.369884 -0.26576
-0.541331 0.32391 -0.233274
-0.554501 0.276508 -0.204006
-0.565692 0.228693 -0.178849
-0.574968 0.181373 -0.158813
-0.582409 0.135559 -0.144798
-0.588052 0.0890693 -0.136265
-0.5921 0.0395786 -0.131939
-0.594374 -0.0118677 -0.13165
-0.594759 -0.0644615 -0.13528
-0.593112 -0.11718 -0.142598
-0.589301 -0.169104 -0.15353
-0.583169 -0.21935 -0.167937
-0.57461 -0.266921 -0.185533
-0.563499 -0.310984 -0.206307
-0.549692 -0.350505 -0.229936
-0.532721 -0.387072 -0.259053
-0.512445 -0.422435 -0.295078
-0.489268 -0.456148 -0.33642
-0.463604 -0.487707 -0.381659
-0.435783 -0.51656 -0.429148
-0.40622 -0.542311 -0.477376
-0.375295 -0.564419 -0.524885
-0.343429 -0.582384 -0.570058
-0.310971 -0.595758 -0.611403
-0.278303 -0.603983 -0.647372
-0.244665 -0.606043 -0.679634
-0.2091 -0.601829 -0.710697
-0.172044 -0.592328 -0.740192
-0.133715 -0.578495 -0.768033
-0.0945605 -0.561411 -0.793919
-0.0548743 -0.541982 -0.817554
-0.0149376 -0.521236 -0.838825
0.0248632 -0.500173 -0.85737
0.0642055 -0.479749 -0.873002
0.102742 -0.461024 -0.885426
0.141106 -0.441716 -0.895961
0.179967 -0.419616 -0.905545
0.219082 -0.395663 -0.913427
0.258267 -0.37072 -0.91898
0.297276 -0.345729 -0.921444
0.335941 -0.321619 -0.920118
0.374019 -0.299298 -0.914265
0.41134 -0.279698 -0.903174
0.44765 -0.263686 -0.886176
0.482765 -0.252268 -0.862527
0.517736 -0.244158 -0.830667
0.553466 -0.237832 -0.790677
0.589264 -0.233563 -0.743802
0.624559 -0.231597 -0.691448
0.65872 -0.232205 -0.63507
0.691142 -0.235658 -0.576011
0.72125 -0.242274 -0.51565
0.748425 -0.252239 -0.455371
0.772017 -0.265936 -0.396533
0.791459 -0.283537 -0.340617
0.807308 -0.307348 -0.286252
0.820512 -0.338337 -0.231415
0.831071 -0.374858 -0.176091
0.838894 -0.415253 -0.120378
0.84394 -0.457836 -0.0643789
0.84616 -0.500953 -0.00808912
0.845481 -0.54298 0.0484572
0.841887 -0.582243 0.105119
0.83528 -0.61708 0.161887
0.825673 -0.645815 0.218669
0.812368 -0.670312 0.277678
0.794932 -0.693274 0.340275
0.773972 -0.71438 0.404912
0.749875 -0.733406 0.470264
0.723256 -0.750024 0.534782
0.694544 -0.763924 0.597057
0.664195 -0.774788 0.65573
0.632797 -0.782409 0.709203
0.600787 -0.786451 0.756252
0.568676 -0.786557 0.795312
0.535474 -0.781677 0.826756
0.500081 -0.771345 0.852501
0.462931 -0.756604 0.873002
0.424377 -0.738353 0.888654
0.384859 -0.717537 0.900073
0.344725 -0.695096 0.907668
0.304328 -0.671961 0.911934
0.264158 -0.649058 0.913394
0.224513 -0.627353 0.912456
0.185877 -0.607798 0.909744
0.147627 -0.587965 0.904359
0.109008 -0.565578 0.895485
0.0702907 -0.541676 0.883303
0.0315164 -0.517347 0.868059
-0.00708085 -0.493692 0.849949
-0.0453643 -0.471779 0.829301
-0.0832308 -0.452643 0.806262
-0.120423 -0.437389 0.781053
-0.156878 -0.42712 0.753888
-0.192351 -0.422835 0.725089
-0.227881 -0.423904 0.692178
-0.264087 -0.428851 0.653587
-0.300425 -0.437533 0.610755
-0.336396 -0.449768 0.565205
-0.371434 -0.465411 0.518436
-0.404971 -0.484335 0.471948
-0.436566 -0.506385 0.427174
-0.4656 -0.531435 0.385621
-0.491552 -0.5593 0.348764
-0.512846 -0.589853 0.31811
-0.530729 -0.62474 0.29192
-0.545942 -0.664951 0.267514
-0.558613 -0.709477 0.245356
-0.568847 -0.757434 0.225755
-0.576834 -0.807721 0.209174
-0.582701 -0.85936 0.195889
-0.586585 -0.911457 0.186454
-0.588648 -0.962919 0.181087
-0.587613 -1 0.181142
