num_curves 6
60
-2.98805 -1.30535 -1.24154
-2.9335 -1.30141 -1.24169
-2.81613 -1.24604 -1.268
-2.7011 -1.19501 -1.28944
-2.58659 -1.14248 -1.30806
-2.47053 -1.08282 -1.32518
-2.35349 -1.01837 -1.3397
-2.23612 -0.951512 -1.35071
-2.11922 -0.884622 -1.35701
-2.00313 -0.819916 -1.35759
-1.88858 -0.759869 -1.35159
-1.77624 -0.710802 -1.33753
-1.66658 -0.670987 -1.31467
-1.56049 -0.642937 -1.28203
-1.45444 -0.62364 -1.2372
-1.34585 -0.608956 -1.1802
-1.23682 -0.599519 -1.11312
-1.12904 -0.596116 -1.03782
-1.02451 -0.599344 -0.956636
-0.925091 -0.609834 -0.871374
-0.832607 -0.628468 -0.784009
-0.749064 -0.655713 -0.696756
-0.676251 -0.692369 -0.611613
-0.616024 -0.73908 -0.530527
-0.566736 -0.801658 -0.451982
-0.525365 -0.882661 -0.372709
-0.492028 -0.977757 -0.292722
-0.466862 -1.08274 -0.212155
-0.450079 -1.19339 -0.131076
-0.441743 -1.30533 -0.049289
-0.441958 -1.41457 0.033057
-0.450944 -1.51655 0.116021
-0.468821 -1.60723 0.199594
-0.495691 -1.68221 0.28374
-0.533558 -1.74639 0.371582
-0.583509 -1.80663 0.465218
-0.644061 -1.86229 0.562375
-0.713808 -1.91243 0.660845
-0.791263 -1.95642 0.758353
-0.874959 -1.99327 0.852906
-0.963571 -2.02243 0.942238
-1.05553 -2.04288 1.02413
-1.14951 -2.0539 1.09657
-1.24383 -2.05472 1.15727
-1.34179 -2.0423 1.20704
-1.44628 -2.01577 1.24869
-1.55617 -1.97761 1.28263
-1.67034 -1.93035 1.30981
-1.78757 -1.87626 1.33081
-1.90677 -1.81797 1.34623
-2.02681 -1.75448 1.35635
-2.14633 -1.69166 1.36228
-2.26442 -1.63187 1.36463
-2.37964 -1.57771 1.36405
-2.49393 -1.52276 1.35956
-2.6093 -1.46118 1.34994
-2.7252 -1.39575 1.33547
-2.84138 -1.32909 1.31655
-2.95713 -1.26424 1.29328
-2.98805 -1.26095 1.29291
58
-2.98805 1.26868 1.30273
-2.59352 1.27955 1.30878
-2.4796 1.3532 1.33392
-2.36596 1.42991 1.35467
-2.25273 1.5071 1.37028
-2.13995 1.58226 1.37981
-2.02812 1.65266 1.38228
-1.917 1.71584 1.37678
-1.80724 1.769 1.36248
-1.6955 1.81706 1.33841
-1.57994 1.86522 1.30479
-1.46273 1.90098 1.25689
-1.34549 1.93353 1.20183
-1.23021 1.96107 1.1409
-1.1188 1.98187 1.07516
-1.01315 1.99423 1.00584
-0.915096 1.99653 0.93417
-0.826531 1.98699 0.861097
-0.749459 1.9639 0.788182
-0.681262 1.92376 0.712796
-0.618592 1.86635 0.632649
-0.562121 1.79519 0.548768
-0.512434 1.71326 0.461586
-0.470149 1.62399 0.372226
-0.435927 1.53057 0.281577
-0.410363 1.43631 0.190208
-0.394026 1.34455 0.0992
-0.387478 1.25848 0.009222
-0.391647 1.18139 -0.078727
-0.407236 1.10688 -0.167583
-0.434253 1.02792 -0.259677
-0.47166 0.946989 -0.353598
-0.518613 0.866631 -0.448024
-0.573794 0.789289 -0.541524
-0.636322 0.717404 -0.632676
-0.705365 0.65337 -0.720276
-0.779617 0.599671 -0.802753
-0.858215 0.558931 -0.878805
-0.940041 0.533337 -0.946947
-1.0285 0.524157 -1.00914
-1.12677 0.529335 -1.06786
-1.23295 0.546802 -1.12245
-1.34549 0.5746 -1.17263
-1.46232 0.610474 -1.21791
-1.58206 0.652432 -1.25783
-1.70289 0.69856 -1.2921
-1.82302 0.746497 -1.32008
-1.94069 0.794452 -1.34143
-2.05422 0.84149 -1.35689
-2.16524 0.892036 -1.36465
-2.27632 0.951153 -1.36485
-2.38745 1.01618 -1.35809
-2.49849 1.0849 -1.34523
-2.60936 1.15447 -1.32668
-2.71991 1.22238 -1.30312
-2.83029 1.28632 -1.27521
-2.94025 1.34364 -1.24359
-2.98805 1.34501 -1.24467
26
2.9844 -1.26095 1.29291
2.91453 -1.25767 1.29253
2.80096 -1.19907 1.25788
2.68888 -1.14772 1.2197
2.57867 -1.10619 1.17854
2.47093 -1.07738 1.13476
2.36602 -1.06389 1.08877
2.26121 -1.06405 1.03693
2.15449 -1.0742 0.976785
2.04753 -1.0938 0.910434
1.94178 -1.12255 0.840197
1.83886 -1.16336 0.768747
1.74035 -1.21241 0.697755
1.6477 -1.2695 0.629559
1.56263 -1.33406 0.566483
1.48661 -1.40589 0.510435
1.4232 -1.48435 0.46262
1.36972 -1.57369 0.421562
1.32417 -1.67675 0.38349
1.28627 -1.79067 0.349099
1.25551 -1.91328 0.318653
1.23148 -2.04168 0.292969
1.21365 -2.17369 0.272314
1.20163 -2.30675 0.25737
1.19506 -2.43816 0.248642
1.19692 -2.56435 0.247248
51
2.9844 1.34501 -1.24467
2.92307 1.34637 -1.24575
2.81204 1.3815 -1.21442
2.6988 1.409 -1.17824
2.58154 1.43381 -1.1348
2.46228 1.45452 -1.0856
2.34243 1.46993 -1.03211
2.22405 1.47864 -0.975726
2.10889 1.4793 -0.917817
1.99839 1.47061 -0.8599
1.89468 1.45137 -0.803285
1.79931 1.41865 -0.7485
1.71416 1.37259 -0.697856
1.6378 1.31066 -0.648262
1.56739 1.23259 -0.59627
1.50314 1.14112 -0.543473
1.44494 1.03847 -0.490908
1.39279 0.92736 -0.440391
1.34674 0.810068 -0.392965
1.30657 0.68914 -0.350121
1.2725 0.567157 -0.313192
1.24439 0.446354 -0.283584
1.2222 0.329468 -0.262682
1.2054 0.210802 -0.249728
1.19373 0.084576 -0.242706
1.1876 -0.04673 -0.24139
1.1874 -0.180859 -0.245647
1.19333 -0.315309 -0.255336
1.2059 -0.447785 -0.270038
1.22549 -0.576063 -0.289754
1.25242 -0.697512 -0.314161
1.28704 -0.809875 -0.34312
1.32976 -0.910732 -0.376247
1.3821 -1.00414 -0.417322
1.44461 -1.09464 -0.468293
1.51585 -1.18081 -0.52701
1.59485 -1.2616 -0.591291
1.68019 -1.33554 -0.658846
1.77068 -1.40143 -0.727464
1.86524 -1.45801 -0.795008
1.96241 -1.50404 -0.859287
2.06105 -1.53414 -0.918144
2.15988 -1.55118 -0.969266
2.26142 -1.55217 -1.01508
2.36841 -1.5372 -1.05924
2.47977 -1.50858 -1.10139
2.59463 -1.46894 -1.14107
2.71185 -1.42088 -1.17788
2.83061 -1.36673 -1.2114
2.94995 -1.3093 -1.2414
2.9844 -1.30535 -1.24154
26
1.19692 2.5423 0.247248
1.19877 2.44798 0.245853
1.2087 2.31816 0.245171
1.22477 2.19376 0.250784
1.24667 2.07719 0.262906
1.27484 1.96274 0.283568
1.30959 1.84498 0.314144
1.35077 1.72633 0.352675
1.39819 1.60915 0.397792
1.45165 1.49622 0.447726
1.51102 1.38984 0.500918
1.57432 1.29253 0.557206
1.64319 1.20689 0.613555
1.71756 1.13528 0.668232
1.79717 1.08036 0.719797
1.88463 1.04245 0.771257
1.9818 1.03035 0.832432
2.08668 1.03127 0.895749
2.19795 1.04361 0.960165
2.31362 1.06561 1.02427
2.43216 1.09531 1.0868
2.55195 1.13125 1.14659
2.67109 1.17143 1.20229
2.78818 1.21424 1.25277
2.90136 1.2578 1.29667
2.9844 1.26868 1.30273
214
-1.75657 2.5423 0.256576
-1.75349 2.47548 0.256658
-1.74262 2.3455 0.257843
-1.72544 2.22094 0.265042
-1.70215 2.10441 0.278491
-1.67243 1.99009 0.300611
-1.63579 1.87235 0.332469
-1.59262 1.75378 0.372197
-1.54296 1.6368 0.418415
-1.48716 1.52411 0.469232
-1.4253 1.41791 0.523178
-1.36065 1.32078 0.578386
-1.2904 1.23525 0.633377
-1.21462 1.16382 0.686541
-1.1336 1.10895 0.73604
-1.04459 1.07122 0.785193
-0.945772 1.04838 0.837509
-0.83907 1.03857 0.891688
-0.725948 1.04018 0.946526
-0.608342 1.05138 1.00086
-0.487899 1.07037 1.05352
-0.366259 1.09538 1.10334
-0.245223 1.12455 1.14917
-0.126457 1.15627 1.18971
-0.01184 1.18874 1.22389
0.10039 1.22722 1.254
0.212894 1.27667 1.28274
0.325573 1.33432 1.30896
0.438295 1.39784 1.33189
0.550836 1.46432 1.35063
0.663238 1.53141 1.36411
0.77516 1.59635 1.37141
0.886621 1.65673 1.37162
0.997415 1.70975 1.36381
1.10735 1.75302 1.34701
1.21948 1.79113 1.32039
1.33575 1.82951 1.28434
1.45393 1.86632 1.24009
1.57241 1.90002 1.18858
1.68899 1.9287 1.13114
1.80201 1.95065 1.06876
1.90941 1.96437 1.00252
2.00928 1.9678 0.933495
2.09971 1.95956 0.862878
2.17881 1.93758 0.791741
2.24917 1.89877 0.717868
2.31428 1.84275 0.638867
2.37329 1.77295 0.555634
2.42568 1.69241 0.468951
2.4707 1.60456 0.379798
2.50777 1.51257 0.288991
2.53625 1.41971 0.197404
2.55542 1.32916 0.105851
2.56473 1.2442 0.015134
2.56329 1.16808 -0.073665
2.55043 1.09442 -0.16349
2.52624 1.0163 -0.256913
2.49166 0.93618 -0.352297
2.44774 0.856414 -0.448493
2.39529 0.779593 -0.5439
2.33558 0.708163 -0.637164
2.26922 0.644583 -0.727021
2.19747 0.591174 -0.811724
2.12113 0.550527 -0.890184
2.04138 0.52518 -0.960705
1.95464 0.515857 -1.02549
1.85799 0.520829 -1.08671
1.75337 0.537926 -1.14414
1.64221 0.565257 -1.19728
1.52648 0.600623 -1.24552
1.40776 0.641979 -1.28847
1.28778 0.687435 -1.32574
1.16838 0.734825 -1.35677
1.05106 0.782096 -1.38121
0.937816 0.827245 -1.39851
0.826975 0.875741 -1.40801
0.715593 0.932895 -1.41006
0.604186 0.996052 -1.40517
0.492515 1.06271 -1.394
0.380982 1.1303 -1.37723
0.26948 1.19629 -1.35549
0.158199 1.25818 -1.32943
0.047181 1.3134 -1.29965
-0.063379 1.35942 -1.26695
-0.17354 1.39361 -1.23185
-0.285702 1.4203 -1.19155
-0.401747 1.44431 -1.14386
-0.519793 1.46422 -1.09039
-0.638162 1.4788 -1.03248
-0.754981 1.48665 -0.971733
-0.868796 1.48648 -0.909546
-0.977658 1.47687 -0.847469
-1.08002 1.4566 -0.786971
-1.17405 1.42419 -0.729515
-1.25794 1.37847 -0.676648
-1.33316 1.31664 -0.624998
-1.40233 1.2387 -0.571171
-1.46535 1.14725 -0.516657
-1.52231 1.04454 -0.462649
-1.57336 0.933408 -0.4107
-1.61836 0.816023 -0.362195
-1.65769 0.694991 -0.318494
-1.69111 0.572903 -0.280931
-1.71881 0.452079 -0.251015
-1.74103 0.3351 -0.230089
-1.75788 0.216398 -0.217349
-1.76997 0.090032 -0.21089
-1.77676 -0.041327 -0.210459
-1.77791 -0.175616 -0.215879
-1.77299 -0.310224 -0.226805
-1.76161 -0.442803 -0.243127
-1.7433 -0.571097 -0.264639
-1.71774 -0.692562 -0.290912
-1.68456 -0.805067 -0.321929
-1.64333 -0.905979 -0.357211
-1.59265 -0.999345 -0.400685
-1.5321 -1.08964 -0.454475
-1.46289 -1.17572 -0.516203
-1.38625 -1.2563 -0.58375
-1.30317 -1.32997 -0.654657
-1.21489 -1.39572 -0.726666
-1.12254 -1.45217 -0.797602
-1.02738 -1.49804 -0.865051
-0.930453 -1.53219 -0.926783
-0.8329 -1.55319 -0.98049
-0.732449 -1.55845 -1.02866
-0.626246 -1.54769 -1.07504
-0.515587 -1.52343 -1.11908
-0.401128 -1.48811 -1.16065
-0.284204 -1.44449 -1.1993
-0.165692 -1.39488 -1.23459
-0.046432 -1.34191 -1.26635
0.072422 -1.28813 -1.29404
0.189907 -1.23598 -1.31738
0.304987 -1.18817 -1.33593
0.41955 -1.13887 -1.35166
0.535598 -1.08244 -1.36597
0.652402 -1.02128 -1.37774
0.769417 -0.957594 -1.38603
0.885908 -0.893784 -1.38971
1.00137 -0.832223 -1.38773
1.11508 -0.775231 -1.37899
1.22653 -0.725184 -1.36243
1.33496 -0.6843 -1.33705
1.43982 -0.655148 -1.30174
1.54425 -0.63444 -1.25417
1.65095 -0.618288 -1.19446
1.75785 -0.607388 -1.12447
1.86325 -0.602367 -1.0463
1.96526 -0.60392 -0.962121
2.06208 -0.612736 -0.87394
2.15199 -0.629629 -0.783814
2.23314 -0.655074 -0.69381
2.30359 -0.690046 -0.605958
2.36165 -0.734986 -0.52247
2.40898 -0.795783 -0.441296
2.44841 -0.87491 -0.359419
2.47994 -0.968158 -0.276813
2.5033 -1.0713 -0.193628
2.51837 -1.18003 -0.110015
2.525 -1.29012 -0.025968
2.52297 -1.39743 0.058462
2.51224 -1.49768 0.143064
2.49251 -1.58663 0.227825
2.46382 -1.66 0.312607
2.42409 -1.72255 0.400715
2.37202 -1.78118 0.494179
2.30943 -1.83507 0.590689
2.23747 -1.88365 0.688267
2.15798 -1.92608 0.7846
2.07224 -1.96157 0.877583
1.98161 -1.98931 0.965189
1.88785 -2.00877 1.04503
1.79226 -2.01909 1.11528
1.69637 -2.01936 1.1736
1.59722 -2.0069 1.22055
1.49153 -1.98052 1.25899
1.38059 -1.94288 1.2896
1.26546 -1.89628 1.31297
1.14745 -1.84313 1.33002
1.0276 -1.78583 1.34136
0.906968 -1.72676 1.34773
0.787011 -1.66828 1.34991
0.668621 -1.61286 1.34851
0.553247 -1.56293 1.34446
0.439022 -1.51229 1.33642
0.323698 -1.45513 1.32317
0.208079 -1.3941 1.30498
0.09229 -1.33198 1.28222
-0.02297 -1.27158 1.25518
-0.137293 -1.21563 1.22435
-0.250371 -1.16677 1.18995
-0.361436 -1.12782 1.15231
-0.470299 -1.1016 1.11175
-0.576229 -1.09066 1.06875
-0.68233 -1.09339 1.01961
-0.790449 -1.10602 0.961989
-0.898962 -1.12819 0.898036
-1.00638 -1.15943 0.830024
-1.11101 -1.19937 0.760194
-1.21116 -1.24769 0.690782
-1.30551 -1.30399 0.623929
-1.39221 -1.36795 0.561886
-1.46971 -1.4391 0.506854
-1.5333 -1.51711 0.461084
-1.5867 -1.60619 0.421979
-1.63213 -1.70886 0.385539
-1.66997 -1.82255 0.352454
-1.70053 -1.945 0.323187
-1.72438 -2.0734 0.298431
-1.7419 -2.20525 0.278594
-1.7535 -2.33827 0.264507
-1.75966 -2.46967 0.256494
-1.75657 -2.56435 0.256576
